0.000000000000000000e+00 nan nan
2.500000039540378194e-01 nan nan
5.000000079080756388e-01 nan nan
7.500000118621135137e-01 nan nan
1.000000015816151278e+00 nan nan
1.250000019770189041e+00 nan nan
1.500000023724226805e+00 nan nan
1.750000027678264791e+00 nan nan
2.000000031632302555e+00 nan nan
2.250000035586340541e+00 nan nan
2.500000039540378527e+00 nan nan
2.750000043494416069e+00 nan nan
3.000000047448454055e+00 nan nan
3.250000051402492041e+00 nan nan
3.500000055356529582e+00 nan nan
3.750000059310567568e+00 nan nan
4.000000063264605110e+00 nan nan
4.250000067218643096e+00 nan nan
4.500000071172681082e+00 nan nan
4.750000075126719068e+00 nan nan
5.000000079080756166e+00 nan nan
5.250000083034794152e+00 nan nan
5.500000086988832138e+00 nan nan
5.750000090942870123e+00 nan nan
6.000000094896908109e+00 nan nan
6.250000098850946095e+00 nan nan
6.500000102804983193e+00 nan nan
6.750000106759021179e+00 nan nan
7.000000110713059165e+00 nan nan
7.250000114667097151e+00 nan nan
7.500000118621135137e+00 nan nan
7.750000122575172234e+00 nan nan
8.000000126529210220e+00 nan nan
8.250000130483247318e+00 nan nan
8.500000134437284416e+00 nan nan
8.750000138391323290e+00 nan nan
9.000000142345360388e+00 nan nan
9.250000146299399262e+00 nan nan
9.500000150253436360e+00 nan nan
9.750000154207473457e+00 nan nan
1.000000015816151233e+01 nan nan
1.025000016211554943e+01 nan nan
1.050000016606958830e+01 nan nan
1.075000017002362540e+01 nan nan
1.100000017397766250e+01 nan nan
1.125000017793170137e+01 nan nan
1.150000018188573847e+01 nan nan
1.175000018583977734e+01 nan nan
1.200000018979381444e+01 nan nan
1.225000019374785332e+01 nan nan
1.250000019770189041e+01 nan nan
1.275000020165592751e+01 nan nan
1.300000020560996639e+01 nan nan
1.325000020956400348e+01 nan nan
1.350000021351804236e+01 nan nan
1.375000021747207946e+01 nan nan
1.400000022142611655e+01 nan nan
1.425000022538015543e+01 nan nan
1.450000022933419253e+01 nan nan
1.475000023328823140e+01 nan nan
1.500000023724226850e+01 nan nan
1.525000024119630559e+01 nan nan
1.550000024515034447e+01 nan nan
1.575000024910438157e+01 nan nan
1.600000025305842044e+01 nan nan
1.625000025701245931e+01 nan nan
1.650000026096649819e+01 nan nan
1.675000026492053351e+01 nan nan
1.700000026887457238e+01 nan nan
1.725000027282861126e+01 nan nan
1.750000027678265013e+01 nan nan
1.775000028073668545e+01 nan nan
1.800000028469072433e+01 nan nan
1.825000028864476320e+01 nan nan
1.850000029259879852e+01 nan nan
1.875000029655283740e+01 nan nan
1.900000030050687627e+01 nan nan
1.925000030446091159e+01 nan nan
1.950000030841495047e+01 nan nan
1.975000031236898934e+01 nan nan
2.000000031632302822e+01 nan nan
2.025000032027706354e+01 nan nan
2.050000032423110241e+01 nan nan
2.075000032818514129e+01 nan nan
2.100000033213917661e+01 nan nan
2.125000033609321548e+01 nan nan
2.150000034004725435e+01 nan nan
2.175000034400128968e+01 nan nan
2.200000034795532855e+01 nan nan
2.225000035190936742e+01 nan nan
2.250000035586340630e+01 nan nan
2.275000035981744162e+01 nan nan
2.300000036377148049e+01 nan nan
2.325000036772551937e+01 nan nan
2.350000037167955469e+01 nan nan
2.375000037563359356e+01 nan nan
2.400000037958763244e+01 nan nan
2.425000038354167131e+01 nan nan
2.450000038749570663e+01 nan nan
2.475000039144974551e+01 nan nan
2.500000039540378438e+01 nan nan
2.525000039935781970e+01 nan nan
2.550000040331185858e+01 nan nan
2.575000040726589745e+01 nan nan
2.600000041121993277e+01 nan nan
2.625000041517397165e+01 nan nan
2.650000041912801052e+01 nan nan
2.675000042308204939e+01 nan nan
2.700000042703608472e+01 nan nan
2.725000043099012359e+01 nan nan
2.750000043494416246e+01 nan nan
2.775000043889819779e+01 nan nan
2.800000044285223666e+01 nan nan
2.825000044680627553e+01 nan nan
2.850000045076031086e+01 nan nan
2.875000045471434973e+01 nan nan
2.900000045866838860e+01 nan nan
2.925000046262242748e+01 nan nan
2.950000046657646280e+01 nan nan
2.975000047053050167e+01 nan nan
3.000000047448454055e+01 nan nan
3.025000047843857587e+01 nan nan
3.050000048239261474e+01 nan nan
3.075000048634665362e+01 nan nan
3.100000049030068894e+01 nan nan
3.125000049425472781e+01 nan nan
3.150000049820876669e+01 nan nan
3.175000050216280556e+01 nan nan
3.200000050611684088e+01 nan nan
3.225000051007087620e+01 nan nan
3.250000051402491152e+01 nan nan
3.275000051797895395e+01 nan nan
3.300000052193298927e+01 nan nan
3.325000052588702459e+01 nan nan
3.350000052984106702e+01 nan nan
3.375000053379510234e+01 nan nan
3.400000053774913766e+01 nan nan
3.425000054170318009e+01 nan nan
3.450000054565721541e+01 nan nan
3.475000054961125784e+01 nan nan
3.500000055356529316e+01 nan nan
3.525000055751932848e+01 nan nan
3.550000056147337091e+01 nan nan
3.575000056542740623e+01 nan nan
3.600000056938144155e+01 nan nan
3.625000057333548398e+01 nan nan
3.650000057728951930e+01 nan nan
3.675000058124355462e+01 nan nan
3.700000058519759705e+01 nan nan
3.725000058915163237e+01 nan nan
3.750000059310566769e+01 nan nan
3.775000059705971012e+01 nan nan
3.800000060101374544e+01 nan nan
3.825000060496778076e+01 nan nan
3.850000060892182319e+01 nan nan
3.875000061287585851e+01 nan nan
3.900000061682989383e+01 nan nan
3.925000062078393626e+01 nan nan
3.950000062473797158e+01 nan nan
3.975000062869201400e+01 nan nan
4.000000063264604933e+01 nan nan
4.025000063660008465e+01 nan nan
4.050000064055412707e+01 nan nan
4.075000064450816240e+01 nan nan
4.100000064846219772e+01 nan nan
4.125000065241624014e+01 nan nan
4.150000065637027546e+01 nan nan
4.175000066032431079e+01 nan nan
4.200000066427835321e+01 nan nan
4.225000066823238853e+01 nan nan
4.250000067218642386e+01 nan nan
4.275000067614046628e+01 nan nan
4.300000068009450160e+01 nan nan
4.325000068404853693e+01 nan nan
4.350000068800257935e+01 nan nan
4.375000069195661467e+01 nan nan
4.400000069591065710e+01 nan nan
4.425000069986469242e+01 nan nan
4.450000070381872774e+01 nan nan
4.475000070777277017e+01 nan nan
4.500000071172680549e+01 nan nan
4.525000071568084081e+01 nan nan
4.550000071963488324e+01 nan nan
4.575000072358891856e+01 nan nan
4.600000072754295388e+01 nan nan
4.625000073149699631e+01 nan nan
4.650000073545103163e+01 nan nan
4.675000073940506695e+01 nan nan
4.700000074335910938e+01 nan nan
4.725000074731314470e+01 nan nan
4.750000075126718002e+01 nan nan
4.775000075522122245e+01 nan nan
4.800000075917525777e+01 nan nan
4.825000076312930020e+01 nan nan
4.850000076708333552e+01 nan nan
4.875000077103737084e+01 nan nan
4.900000077499141327e+01 nan nan
4.925000077894544859e+01 nan nan
4.950000078289948391e+01 nan nan
4.975000078685352634e+01 nan nan
5.000000079080756166e+01 nan nan
5.025000079476159698e+01 nan nan
5.050000079871563941e+01 nan nan
5.075000080266967473e+01 nan nan
5.100000080662371005e+01 nan nan
5.125000081057775247e+01 nan nan
5.150000081453178780e+01 nan nan
5.175000081848582312e+01 nan nan
5.200000082243986554e+01 nan nan
5.225000082639390087e+01 nan nan
5.250000083034793619e+01 nan nan
5.275000083430197861e+01 nan nan
5.300000083825601394e+01 nan nan
5.325000084221005636e+01 nan nan
5.350000084616409168e+01 nan nan
5.375000085011812700e+01 nan nan
5.400000085407216943e+01 nan nan
5.425000085802620475e+01 nan nan
5.450000086198024007e+01 nan nan
5.475000086593428250e+01 nan nan
5.500000086988831782e+01 nan nan
5.525000087384235314e+01 nan nan
5.550000087779639557e+01 nan nan
5.575000088175043089e+01 nan nan
5.600000088570446621e+01 nan nan
5.625000088965850864e+01 nan nan
5.650000089361254396e+01 nan nan
5.675000089756657928e+01 nan nan
5.700000090152062171e+01 nan nan
5.725000090547465703e+01 nan nan
5.750000090942869946e+01 nan nan
5.775000091338273478e+01 nan nan
5.800000091733677010e+01 nan nan
5.825000092129081253e+01 nan nan
5.850000092524484785e+01 nan nan
5.875000092919888317e+01 nan nan
5.900000093315292560e+01 nan nan
5.925000093710696092e+01 nan nan
5.950000094106099624e+01 nan nan
5.975000094501503867e+01 nan nan
6.000000094896907399e+01 nan nan
6.025000095292310931e+01 nan nan
6.050000095687715174e+01 nan nan
6.075000096083118706e+01 nan nan
6.100000096478522238e+01 nan nan
6.125000096873926481e+01 nan nan
6.150000097269330013e+01 nan nan
6.175000097664733545e+01 nan nan
6.200000098060137788e+01 nan nan
6.225000098455541320e+01 nan nan
6.250000098850945562e+01 nan nan
6.275000099246349095e+01 nan nan
6.300000099641752627e+01 nan nan
6.325000100037156869e+01 nan nan
6.350000100432560401e+01 nan nan
6.375000100827963934e+01 nan nan
6.400000101223368176e+01 nan nan
6.425000101618772419e+01 nan nan
6.450000102014176662e+01 nan nan
6.475000102409579483e+01 nan nan
6.500000102804983726e+01 nan nan
6.525000103200387969e+01 nan nan
6.550000103595790790e+01 nan nan
6.575000103991195033e+01 nan nan
6.600000104386599276e+01 nan nan
6.625000104782002097e+01 nan nan
6.650000105177406340e+01 nan nan
6.675000105572810583e+01 nan nan
6.700000105968213404e+01 nan nan
6.725000106363617647e+01 nan nan
6.750000106759021890e+01 nan nan
6.775000107154424711e+01 nan nan
6.800000107549828954e+01 nan nan
6.825000107945233196e+01 nan nan
6.850000108340636018e+01 nan nan
6.875000108736040261e+01 nan nan
6.900000109131444503e+01 nan nan
6.925000109526848746e+01 nan nan
6.950000109922251568e+01 nan nan
6.975000110317655810e+01 nan nan
7.000000110713060053e+01 nan nan
7.025000111108462875e+01 nan nan
7.050000111503867117e+01 nan nan
7.075000111899271360e+01 nan nan
7.100000112294674182e+01 nan nan
7.125000112690078424e+01 nan nan
7.150000113085482667e+01 nan nan
7.175000113480885489e+01 nan nan
7.200000113876289731e+01 nan nan
7.225000114271693974e+01 nan nan
7.250000114667096796e+01 nan nan
7.275000115062501038e+01 nan nan
7.300000115457905281e+01 nan nan
7.325000115853308102e+01 nan nan
7.350000116248712345e+01 nan nan
7.375000116644116588e+01 nan nan
7.400000117039519409e+01 nan nan
7.425000117434923652e+01 nan nan
7.450000117830327895e+01 nan nan
7.475000118225730716e+01 nan nan
7.500000118621134959e+01 nan nan
7.525000119016539202e+01 nan nan
7.550000119411942023e+01 nan nan
7.575000119807346266e+01 nan nan
7.600000120202750509e+01 nan nan
7.625000120598153330e+01 nan nan
7.650000120993557573e+01 nan nan
7.675000121388961816e+01 nan nan
7.700000121784364637e+01 nan nan
7.725000122179768880e+01 nan nan
7.750000122575173123e+01 nan nan
7.775000122970575944e+01 nan nan
7.800000123365980187e+01 nan nan
7.825000123761384430e+01 nan nan
7.850000124156788672e+01 nan nan
7.875000124552191494e+01 nan nan
7.900000124947595737e+01 nan nan
7.925000125342999979e+01 nan nan
7.950000125738402801e+01 nan nan
7.975000126133807044e+01 nan nan
8.000000126529211286e+01 nan nan
8.025000126924614108e+01 nan nan
8.050000127320018350e+01 nan nan
8.075000127715422593e+01 nan nan
8.100000128110825415e+01 nan nan
8.125000128506229657e+01 nan nan
8.150000128901633900e+01 nan nan
8.175000129297036722e+01 nan nan
8.200000129692440964e+01 nan nan
8.225000130087845207e+01 nan nan
8.250000130483248029e+01 nan nan
8.275000130878652271e+01 nan nan
8.300000131274056514e+01 nan nan
8.325000131669459336e+01 nan nan
8.350000132064863578e+01 nan nan
8.375000132460267821e+01 nan nan
8.400000132855670643e+01 nan nan
8.425000133251074885e+01 nan nan
8.450000133646479128e+01 nan nan
8.475000134041881950e+01 nan nan
8.500000134437286192e+01 nan nan
8.525000134832690435e+01 nan nan
8.550000135228093257e+01 nan nan
8.575000135623497499e+01 nan nan
8.600000136018901742e+01 nan nan
8.625000136414304563e+01 nan nan
8.650000136809708806e+01 nan nan
8.675000137205113049e+01 nan nan
8.700000137600515870e+01 nan nan
8.725000137995920113e+01 nan nan
8.750000138391324356e+01 nan nan
8.775000138786728598e+01 nan nan
8.800000139182131420e+01 nan nan
8.825000139577535663e+01 nan nan
8.850000139972939905e+01 nan nan
8.875000140368342727e+01 nan nan
8.900000140763746970e+01 nan nan
8.925000141159151212e+01 nan nan
8.950000141554554034e+01 nan nan
8.975000141949958277e+01 nan nan
9.000000142345362519e+01 nan nan
9.025000142740765341e+01 nan nan
9.050000143136169584e+01 nan nan
9.075000143531573826e+01 nan nan
9.100000143926976648e+01 nan nan
9.125000144322380891e+01 nan nan
9.150000144717785133e+01 nan nan
9.175000145113187955e+01 nan nan
9.200000145508592198e+01 nan nan
9.225000145903996440e+01 nan nan
9.250000146299399262e+01 nan nan
9.275000146694803504e+01 nan nan
9.300000147090207747e+01 nan nan
9.325000147485610569e+01 nan nan
9.350000147881014811e+01 nan nan
9.375000148276419054e+01 nan nan
9.400000148671821876e+01 nan nan
9.425000149067226118e+01 nan nan
9.450000149462630361e+01 nan nan
9.475000149858033183e+01 nan nan
9.500000150253437425e+01 nan nan
9.525000150648841668e+01 nan nan
9.550000151044244490e+01 nan nan
9.575000151439648732e+01 nan nan
9.600000151835052975e+01 nan nan
9.625000152230457218e+01 nan nan
9.650000152625860039e+01 nan nan
9.675000153021264282e+01 nan nan
9.700000153416668525e+01 nan nan
9.725000153812071346e+01 nan nan
9.750000154207475589e+01 nan nan
9.775000154602879832e+01 nan nan
9.800000154998282653e+01 nan nan
9.825000155393686896e+01 nan nan
9.850000155789091139e+01 nan nan
9.875000156184493960e+01 nan nan
9.900000156579898203e+01 nan nan
9.925000156975302446e+01 nan nan
9.950000157370705267e+01 nan nan
9.975000157766109510e+01 nan nan
1.000000015816151375e+02 nan nan
1.002500015855691657e+02 nan nan
1.005000015895232082e+02 nan nan
1.007500015934772506e+02 nan nan
1.010000015974312788e+02 nan nan
1.012500016013853212e+02 nan nan
1.015000016053393637e+02 nan nan
1.017500016092933919e+02 nan nan
1.020000016132474343e+02 nan nan
1.022500016172014767e+02 nan nan
1.025000016211555049e+02 nan nan
1.027500016251095474e+02 nan nan
1.030000016290635898e+02 nan nan
1.032500016330176180e+02 nan nan
1.035000016369716604e+02 nan nan
1.037500016409257029e+02 nan nan
1.040000016448797311e+02 nan nan
1.042500016488337735e+02 nan nan
1.045000016527878159e+02 nan nan
1.047500016567418442e+02 nan nan
1.050000016606958866e+02 nan nan
1.052500016646499290e+02 nan nan
1.055000016686039714e+02 nan nan
1.057500016725579997e+02 nan nan
1.060000016765120421e+02 nan nan
1.062500016804660845e+02 nan nan
1.065000016844201127e+02 nan nan
1.067500016883741552e+02 nan nan
1.070000016923281976e+02 nan nan
1.072500016962822258e+02 nan nan
1.075000017002362682e+02 nan nan
1.077500017041903106e+02 nan nan
1.080000017081443389e+02 nan nan
1.082500017120983813e+02 nan nan
1.085000017160524237e+02 nan nan
1.087500017200064519e+02 nan nan
1.090000017239604944e+02 nan nan
1.092500017279145368e+02 nan nan
1.095000017318685650e+02 nan nan
1.097500017358226074e+02 nan nan
1.100000017397766499e+02 nan nan
1.102500017437306781e+02 nan nan
1.105000017476847205e+02 nan nan
1.107500017516387629e+02 nan nan
1.110000017555927911e+02 nan nan
1.112500017595468336e+02 nan nan
1.115000017635008760e+02 nan nan
1.117500017674549042e+02 nan nan
1.120000017714089466e+02 nan nan
1.122500017753629891e+02 nan nan
1.125000017793170173e+02 nan nan
1.127500017832710597e+02 nan nan
1.130000017872251021e+02 nan nan
1.132500017911791304e+02 nan nan
1.135000017951331728e+02 nan nan
1.137500017990872152e+02 nan nan
1.140000018030412434e+02 nan nan
1.142500018069952858e+02 nan nan
1.145000018109493283e+02 nan nan
1.147500018149033707e+02 nan nan
1.150000018188573989e+02 nan nan
1.152500018228114413e+02 nan nan
1.155000018267654838e+02 nan nan
1.157500018307195120e+02 nan nan
1.160000018346735544e+02 nan nan
1.162500018386275968e+02 nan nan
1.165000018425816251e+02 nan nan
1.167500018465356675e+02 nan nan
1.170000018504897099e+02 nan nan
1.172500018544437381e+02 nan nan
1.175000018583977806e+02 nan nan
1.177500018623518230e+02 nan nan
1.180000018663058512e+02 nan nan
1.182500018702598936e+02 nan nan
1.185000018742139360e+02 nan nan
1.187500018781679643e+02 nan nan
1.190000018821220067e+02 nan nan
1.192500018860760491e+02 nan nan
1.195000018900300773e+02 nan nan
1.197500018939841198e+02 nan nan
1.200000018979381622e+02 nan nan
1.202500019018921904e+02 nan nan
1.205000019058462328e+02 nan nan
1.207500019098002753e+02 nan nan
1.210000019137543035e+02 nan nan
1.212500019177083459e+02 nan nan
1.215000019216623883e+02 nan nan
1.217500019256164165e+02 nan nan
1.220000019295704590e+02 nan nan
1.222500019335245014e+02 nan nan
1.225000019374785296e+02 nan nan
1.227500019414325720e+02 nan nan
1.230000019453866145e+02 nan nan
1.232500019493406427e+02 nan nan
1.235000019532946851e+02 nan nan
1.237500019572487275e+02 nan nan
1.240000019612027700e+02 nan nan
1.242500019651567982e+02 nan nan
1.245000019691108406e+02 nan nan
1.247500019730648830e+02 nan nan
1.250000019770189112e+02 nan nan
1.252500019809729537e+02 nan nan
1.255000019849269961e+02 nan nan
1.257500019888810243e+02 nan nan
1.260000019928350667e+02 nan nan
1.262500019967891092e+02 nan nan
1.265000020007431374e+02 nan nan
1.267500020046971798e+02 nan nan
1.270000020086512222e+02 nan nan
1.272500020126052505e+02 nan nan
1.275000020165592929e+02 nan nan
1.277500020205133353e+02 nan nan
1.280000020244673635e+02 nan nan
1.282500020284213917e+02 nan nan
1.285000020323754200e+02 nan nan
1.287500020363294766e+02 nan nan
1.290000020402835048e+02 nan nan
1.292500020442375330e+02 nan nan
1.295000020481915897e+02 nan nan
1.297500020521456179e+02 nan nan
1.300000020560996461e+02 nan nan
1.302500020600537027e+02 nan nan
1.305000020640077310e+02 nan nan
1.307500020679617592e+02 nan nan
1.310000020719158158e+02 nan nan
1.312500020758698440e+02 nan nan
1.315000020798238722e+02 nan nan
1.317500020837779289e+02 nan nan
1.320000020877319571e+02 nan nan
1.322500020916859853e+02 nan nan
1.325000020956400419e+02 nan nan
1.327500020995940702e+02 nan nan
1.330000021035480984e+02 nan nan
1.332500021075021550e+02 nan nan
1.335000021114561832e+02 nan nan
1.337500021154102114e+02 nan nan
1.340000021193642681e+02 nan nan
1.342500021233182963e+02 nan nan
1.345000021272723245e+02 nan nan
1.347500021312263812e+02 nan nan
1.350000021351804094e+02 nan nan
1.352500021391344376e+02 nan nan
1.355000021430884942e+02 nan nan
1.357500021470425224e+02 nan nan
1.360000021509965507e+02 nan nan
1.362500021549506073e+02 nan nan
1.365000021589046355e+02 nan nan
1.367500021628586637e+02 nan nan
1.370000021668127204e+02 nan nan
1.372500021707667486e+02 nan nan
1.375000021747208052e+02 nan nan
1.377500021786748334e+02 nan nan
1.380000021826288616e+02 nan nan
1.382500021865829183e+02 nan nan
1.385000021905369465e+02 nan nan
1.387500021944909747e+02 nan nan
1.390000021984450314e+02 nan nan
1.392500022023990596e+02 nan nan
1.395000022063530878e+02 nan nan
1.397500022103071444e+02 nan nan
1.400000022142611726e+02 nan nan
1.402500022182152009e+02 nan nan
1.405000022221692575e+02 nan nan
1.407500022261232857e+02 nan nan
1.410000022300773139e+02 nan nan
1.412500022340313706e+02 nan nan
1.415000022379853988e+02 nan nan
1.417500022419394270e+02 nan nan
1.420000022458934836e+02 nan nan
1.422500022498475118e+02 nan nan
1.425000022538015401e+02 nan nan
1.427500022577555967e+02 nan nan
1.430000022617096249e+02 nan nan
1.432500022656636531e+02 nan nan
1.435000022696177098e+02 nan nan
1.437500022735717380e+02 nan nan
1.440000022775257662e+02 nan nan
1.442500022814798228e+02 nan nan
1.445000022854338511e+02 nan nan
1.447500022893878793e+02 nan nan
1.450000022933419359e+02 nan nan
1.452500022972959641e+02 nan nan
1.455000023012499923e+02 nan nan
1.457500023052040490e+02 nan nan
1.460000023091580772e+02 nan nan
1.462500023131121054e+02 nan nan
1.465000023170661620e+02 nan nan
1.467500023210201903e+02 nan nan
1.470000023249742185e+02 nan nan
1.472500023289282751e+02 nan nan
1.475000023328823033e+02 nan nan
1.477500023368363316e+02 nan nan
1.480000023407903882e+02 nan nan
1.482500023447444164e+02 nan nan
1.485000023486984446e+02 nan nan
1.487500023526525013e+02 nan nan
1.490000023566065295e+02 nan nan
1.492500023605605577e+02 nan nan
1.495000023645146143e+02 nan nan
1.497500023684686425e+02 nan nan
1.500000023724226708e+02 nan nan
1.502500023763767274e+02 nan nan
1.505000023803307556e+02 nan nan
1.507500023842847838e+02 nan nan
1.510000023882388405e+02 nan nan
1.512500023921928687e+02 nan nan
1.515000023961468969e+02 nan nan
1.517500024001009535e+02 nan nan
1.520000024040549818e+02 nan nan
1.522500024080090100e+02 nan nan
1.525000024119630666e+02 nan nan
1.527500024159170948e+02 nan nan
1.530000024198711230e+02 nan nan
1.532500024238251797e+02 nan nan
1.535000024277792079e+02 nan nan
1.537500024317332361e+02 nan nan
1.540000024356872927e+02 nan nan
1.542500024396413210e+02 nan nan
1.545000024435953492e+02 nan nan
1.547500024475494058e+02 nan nan
1.550000024515034340e+02 nan nan
1.552500024554574622e+02 nan nan
1.555000024594115189e+02 nan nan
1.557500024633655471e+02 nan nan
1.560000024673196037e+02 nan nan
1.562500024712736320e+02 nan nan
1.565000024752276602e+02 nan nan
1.567500024791817168e+02 nan nan
1.570000024831357450e+02 nan nan
1.572500024870897732e+02 nan nan
1.575000024910438299e+02 nan nan
1.577500024949978581e+02 nan nan
1.580000024989518863e+02 nan nan
1.582500025029059429e+02 nan nan
1.585000025068599712e+02 nan nan
1.587500025108139994e+02 nan nan
1.590000025147680560e+02 nan nan
1.592500025187220842e+02 nan nan
1.595000025226761124e+02 nan nan
1.597500025266301691e+02 nan nan
1.600000025305841973e+02 nan nan
1.602500025345382255e+02 nan nan
1.605000025384922822e+02 nan nan
1.607500025424463104e+02 nan nan
1.610000025464003386e+02 nan nan
1.612500025503543952e+02 nan nan
1.615000025543084234e+02 nan nan
1.617500025582624517e+02 nan nan
1.620000025622165083e+02 nan nan
1.622500025661705365e+02 nan nan
1.625000025701245647e+02 nan nan
1.627500025740786214e+02 nan nan
1.630000025780326496e+02 nan nan
1.632500025819866778e+02 nan nan
1.635000025859407344e+02 nan nan
1.637500025898947627e+02 nan nan
1.640000025938487909e+02 nan nan
1.642500025978028475e+02 nan nan
1.645000026017568757e+02 nan nan
1.647500026057109039e+02 nan nan
1.650000026096649606e+02 nan nan
1.652500026136189888e+02 nan nan
1.655000026175730170e+02 nan nan
1.657500026215270736e+02 nan nan
1.660000026254811019e+02 nan nan
1.662500026294351301e+02 nan nan
1.665000026333891867e+02 nan nan
1.667500026373432149e+02 nan nan
1.670000026412972431e+02 nan nan
1.672500026452512998e+02 nan nan
1.675000026492053280e+02 nan nan
1.677500026531593562e+02 nan nan
1.680000026571134129e+02 nan nan
1.682500026610674411e+02 nan nan
1.685000026650214693e+02 nan nan
1.687500026689755259e+02 nan nan
1.690000026729295541e+02 nan nan
1.692500026768835824e+02 nan nan
1.695000026808376390e+02 nan nan
1.697500026847916672e+02 nan nan
1.700000026887456954e+02 nan nan
1.702500026926997521e+02 nan nan
1.705000026966537803e+02 nan nan
1.707500027006078085e+02 nan nan
1.710000027045618651e+02 nan nan
1.712500027085158933e+02 nan nan
1.715000027124699216e+02 nan nan
1.717500027164239782e+02 nan nan
1.720000027203780064e+02 nan nan
1.722500027243320346e+02 nan nan
1.725000027282860913e+02 nan nan
1.727500027322401195e+02 nan nan
1.730000027361941477e+02 nan nan
1.732500027401482043e+02 nan nan
1.735000027441022326e+02 nan nan
1.737500027480562608e+02 nan nan
1.740000027520103174e+02 nan nan
1.742500027559643456e+02 nan nan
1.745000027599184023e+02 nan nan
1.747500027638724305e+02 nan nan
1.750000027678264587e+02 nan nan
1.752500027717805153e+02 nan nan
1.755000027757345435e+02 nan nan
1.757500027796885718e+02 nan nan
1.760000027836426284e+02 nan nan
1.762500027875966566e+02 nan nan
1.765000027915506848e+02 nan nan
1.767500027955047415e+02 nan nan
1.770000027994587697e+02 nan nan
1.772500028034127979e+02 nan nan
1.775000028073668545e+02 nan nan
1.777500028113208828e+02 nan nan
1.780000028152749110e+02 nan nan
1.782500028192289676e+02 nan nan
1.785000028231829958e+02 nan nan
1.787500028271370240e+02 nan nan
1.790000028310910807e+02 nan nan
1.792500028350451089e+02 nan nan
1.795000028389991371e+02 nan nan
1.797500028429531937e+02 nan nan
1.800000028469072220e+02 nan nan
1.802500028508612502e+02 nan nan
1.805000028548153068e+02 nan nan
1.807500028587693350e+02 nan nan
1.810000028627233633e+02 nan nan
1.812500028666774199e+02 nan nan
1.815000028706314481e+02 nan nan
1.817500028745854763e+02 nan nan
1.820000028785395330e+02 nan nan
1.822500028824935612e+02 nan nan
1.825000028864475894e+02 nan nan
1.827500028904016460e+02 nan nan
1.830000028943556742e+02 nan nan
1.832500028983097025e+02 nan nan
1.835000029022637591e+02 nan nan
1.837500029062177873e+02 nan nan
1.840000029101718155e+02 nan nan
1.842500029141258722e+02 nan nan
1.845000029180799004e+02 nan nan
1.847500029220339286e+02 nan nan
1.850000029259879852e+02 nan nan
1.852500029299420135e+02 nan nan
1.855000029338960417e+02 nan nan
1.857500029378500983e+02 nan nan
1.860000029418041265e+02 nan nan
1.862500029457581547e+02 nan nan
1.865000029497122114e+02 nan nan
1.867500029536662396e+02 nan nan
1.870000029576202678e+02 nan nan
1.872500029615743244e+02 nan nan
1.875000029655283527e+02 nan nan
1.877500029694823809e+02 nan nan
1.880000029734364375e+02 nan nan
1.882500029773904657e+02 nan nan
1.885000029813444939e+02 nan nan
1.887500029852985506e+02 nan nan
1.890000029892525788e+02 nan nan
1.892500029932066070e+02 nan nan
1.895000029971606637e+02 nan nan
1.897500030011146919e+02 nan nan
1.900000030050687201e+02 nan nan
1.902500030090227767e+02 nan nan
1.905000030129768049e+02 nan nan
1.907500030169308332e+02 nan nan
1.910000030208848898e+02 nan nan
1.912500030248389180e+02 nan nan
1.915000030287929462e+02 nan nan
1.917500030327470029e+02 nan nan
1.920000030367010311e+02 nan nan
1.922500030406550877e+02 nan nan
1.925000030446091159e+02 nan nan
1.927500030485631441e+02 nan nan
1.930000030525172008e+02 nan nan
1.932500030564712290e+02 nan nan
1.935000030604252572e+02 nan nan
1.937500030643793139e+02 nan nan
1.940000030683333421e+02 nan nan
1.942500030722873703e+02 nan nan
1.945000030762414269e+02 nan nan
1.947500030801954551e+02 nan nan
1.950000030841494834e+02 nan nan
1.952500030881035400e+02 nan nan
1.955000030920575682e+02 nan nan
1.957500030960115964e+02 nan nan
1.960000030999656531e+02 nan nan
1.962500031039196813e+02 nan nan
1.965000031078737095e+02 nan nan
1.967500031118277661e+02 nan nan
1.970000031157817943e+02 nan nan
1.972500031197358226e+02 nan nan
1.975000031236898792e+02 nan nan
1.977500031276439074e+02 nan nan
1.980000031315979356e+02 nan nan
1.982500031355519923e+02 nan nan
1.985000031395060205e+02 nan nan
1.987500031434600487e+02 nan nan
1.990000031474141053e+02 nan nan
1.992500031513681336e+02 nan nan
1.995000031553221618e+02 nan nan
1.997500031592762184e+02 nan nan
2.000000031632302466e+02 nan nan
2.002500031671842748e+02 nan nan
2.005000031711383315e+02 nan nan
2.007500031750923597e+02 nan nan
2.010000031790463879e+02 nan nan
2.012500031830004446e+02 nan nan
2.015000031869544728e+02 nan nan
2.017500031909085010e+02 nan nan
2.020000031948625576e+02 nan nan
2.022500031988165858e+02 nan nan
2.025000032027706141e+02 nan nan
2.027500032067246707e+02 nan nan
2.030000032106786989e+02 nan nan
2.032500032146327271e+02 nan nan
2.035000032185867838e+02 nan nan
2.037500032225408120e+02 nan nan
2.040000032264948402e+02 nan nan
2.042500032304488968e+02 nan nan
2.045000032344029250e+02 nan nan
2.047500032383569533e+02 nan nan
2.050000032423110099e+02 nan nan
2.052500032462650381e+02 nan nan
2.055000032502190663e+02 nan nan
2.057500032541731230e+02 nan nan
2.060000032581271512e+02 nan nan
2.062500032620811794e+02 nan nan
2.065000032660352360e+02 nan nan
2.067500032699892643e+02 nan nan
2.070000032739432925e+02 nan nan
2.072500032778973491e+02 nan nan
2.075000032818513773e+02 nan nan
2.077500032858054055e+02 nan nan
2.080000032897594622e+02 nan nan
2.082500032937134904e+02 nan nan
2.085000032976675186e+02 nan nan
2.087500033016215752e+02 nan nan
2.090000033055756035e+02 nan nan
2.092500033095296317e+02 nan nan
2.095000033134836883e+02 nan nan
2.097500033174377165e+02 nan nan
2.100000033213917447e+02 nan nan
2.102500033253458014e+02 nan nan
2.105000033292998296e+02 nan nan
2.107500033332538862e+02 nan nan
2.110000033372079145e+02 nan nan
2.112500033411619427e+02 nan nan
2.115000033451159993e+02 nan nan
2.117500033490700275e+02 nan nan
2.120000033530240557e+02 nan nan
2.122500033569781124e+02 nan nan
2.125000033609321406e+02 nan nan
2.127500033648861688e+02 nan nan
2.130000033688402254e+02 nan nan
2.132500033727942537e+02 nan nan
2.135000033767482819e+02 nan nan
2.137500033807023385e+02 nan nan
2.140000033846563667e+02 nan nan
2.142500033886103949e+02 nan nan
2.145000033925644516e+02 nan nan
2.147500033965184798e+02 nan nan
2.150000034004725080e+02 nan nan
2.152500034044265647e+02 nan nan
2.155000034083805929e+02 nan nan
2.157500034123346211e+02 nan nan
2.160000034162886777e+02 nan nan
2.162500034202427059e+02 nan nan
2.165000034241967342e+02 nan nan
2.167500034281507908e+02 nan nan
2.170000034321048190e+02 nan nan
2.172500034360588472e+02 nan nan
2.175000034400129039e+02 nan nan
2.177500034439669321e+02 nan nan
2.180000034479209603e+02 nan nan
2.182500034518750169e+02 nan nan
2.185000034558290452e+02 nan nan
2.187500034597830734e+02 nan nan
2.190000034637371300e+02 nan nan
2.192500034676911582e+02 nan nan
2.195000034716451864e+02 nan nan
2.197500034755992431e+02 nan nan
2.200000034795532713e+02 nan nan
2.202500034835072995e+02 nan nan
2.205000034874613561e+02 nan nan
2.207500034914153844e+02 nan nan
2.210000034953694126e+02 nan nan
2.212500034993234692e+02 nan nan
2.215000035032774974e+02 nan nan
2.217500035072315256e+02 nan nan
2.220000035111855823e+02 nan nan
2.222500035151396105e+02 nan nan
2.225000035190936387e+02 nan nan
2.227500035230476954e+02 nan nan
2.230000035270017236e+02 nan nan
2.232500035309557518e+02 nan nan
2.235000035349098084e+02 nan nan
2.237500035388638366e+02 nan nan
2.240000035428178649e+02 nan nan
2.242500035467719215e+02 nan nan
2.245000035507259497e+02 nan nan
2.247500035546799779e+02 nan nan
2.250000035586340346e+02 nan nan
2.252500035625880628e+02 nan nan
2.255000035665420910e+02 nan nan
2.257500035704961476e+02 nan nan
2.260000035744501758e+02 nan nan
2.262500035784042041e+02 nan nan
2.265000035823582607e+02 nan nan
2.267500035863122889e+02 nan nan
2.270000035902663171e+02 nan nan
2.272500035942203738e+02 nan nan
2.275000035981744020e+02 nan nan
2.277500036021284302e+02 nan nan
2.280000036060824868e+02 nan nan
2.282500036100365151e+02 nan nan
2.285000036139905433e+02 nan nan
2.287500036179445999e+02 nan nan
2.290000036218986281e+02 nan nan
2.292500036258526848e+02 nan nan
2.295000036298067130e+02 nan nan
2.297500036337607412e+02 nan nan
2.300000036377147978e+02 nan nan
2.302500036416688260e+02 nan nan
2.305000036456228543e+02 nan nan
2.307500036495769109e+02 nan nan
2.310000036535309391e+02 nan nan
2.312500036574849673e+02 nan nan
2.315000036614390240e+02 nan nan
2.317500036653930522e+02 nan nan
2.320000036693470804e+02 nan nan
2.322500036733011370e+02 nan nan
2.325000036772551653e+02 nan nan
2.327500036812091935e+02 nan nan
2.330000036851632501e+02 nan nan
2.332500036891172783e+02 nan nan
2.335000036930713065e+02 nan nan
2.337500036970253632e+02 nan nan
2.340000037009793914e+02 nan nan
2.342500037049334196e+02 nan nan
2.345000037088874763e+02 nan nan
2.347500037128415045e+02 nan nan
2.350000037167955327e+02 nan nan
2.352500037207495893e+02 nan nan
2.355000037247036175e+02 nan nan
2.357500037286576458e+02 nan nan
2.360000037326117024e+02 nan nan
2.362500037365657306e+02 nan nan
2.365000037405197588e+02 nan nan
2.367500037444738155e+02 nan nan
2.370000037484278437e+02 nan nan
2.372500037523818719e+02 nan nan
2.375000037563359285e+02 nan nan
2.377500037602899567e+02 nan nan
2.380000037642439850e+02 nan nan
2.382500037681980416e+02 nan nan
2.385000037721520698e+02 nan nan
2.387500037761060980e+02 nan nan
2.390000037800601547e+02 nan nan
2.392500037840141829e+02 nan nan
2.395000037879682111e+02 nan nan
2.397500037919222677e+02 nan nan
2.400000037958762960e+02 nan nan
2.402500037998303242e+02 nan nan
2.405000038037843808e+02 nan nan
2.407500038077384090e+02 nan nan
2.410000038116924372e+02 nan nan
2.412500038156464939e+02 nan nan
2.415000038196005221e+02 nan nan
2.417500038235545503e+02 nan nan
2.420000038275086069e+02 nan nan
2.422500038314626352e+02 nan nan
2.425000038354166634e+02 nan nan
2.427500038393707200e+02 nan nan
2.430000038433247482e+02 nan nan
2.432500038472787764e+02 nan nan
2.435000038512328331e+02 nan nan
2.437500038551868613e+02 nan nan
2.440000038591408895e+02 nan nan
2.442500038630949462e+02 nan nan
2.445000038670489744e+02 nan nan
2.447500038710030026e+02 nan nan
2.450000038749570592e+02 nan nan
2.452500038789110874e+02 nan nan
2.455000038828651157e+02 nan nan
2.457500038868191723e+02 nan nan
2.460000038907732005e+02 nan nan
2.462500038947272287e+02 nan nan
2.465000038986812854e+02 nan nan
2.467500039026353136e+02 nan nan
2.470000039065893418e+02 nan nan
2.472500039105433984e+02 nan nan
2.475000039144974266e+02 nan nan
2.477500039184514833e+02 nan nan
2.480000039224055115e+02 nan nan
2.482500039263595397e+02 nan nan
2.485000039303135964e+02 nan nan
2.487500039342676246e+02 nan nan
2.490000039382216528e+02 nan nan
2.492500039421757094e+02 nan nan
2.495000039461297376e+02 nan nan
2.497500039500837659e+02 nan nan
2.500000039540378225e+02 nan nan
2.502500039579918507e+02 nan nan
2.505000039619458789e+02 nan nan
2.507500039658999356e+02 nan nan
2.510000039698539638e+02 nan nan
2.512500039738079920e+02 nan nan
2.515000039777620486e+02 nan nan
2.517500039817160769e+02 nan nan
2.520000039856701051e+02 nan nan
2.522500039896241617e+02 nan nan
2.525000039935781899e+02 nan nan
2.527500039975322181e+02 nan nan
2.530000040014862748e+02 nan nan
2.532500040054403030e+02 nan nan
2.535000040093943312e+02 nan nan
2.537500040133483878e+02 nan nan
2.540000040173024161e+02 nan nan
2.542500040212564443e+02 nan nan
2.545000040252105009e+02 nan nan
2.547500040291645291e+02 nan nan
2.550000040331185573e+02 nan nan
2.552500040370726140e+02 nan nan
2.555000040410266422e+02 nan nan
2.557500040449806704e+02 nan nan
2.560000040489347271e+02 nan nan
2.562500040528887553e+02 nan nan
2.565000040568427835e+02 nan nan
2.567500040607968117e+02 nan nan
2.570000040647508968e+02 nan nan
2.572500040687049250e+02 nan nan
2.575000040726589532e+02 nan nan
2.577500040766129814e+02 nan nan
2.580000040805670096e+02 nan nan
2.582500040845210378e+02 nan nan
2.585000040884751229e+02 nan nan
2.587500040924291511e+02 nan nan
2.590000040963831793e+02 nan nan
2.592500041003372075e+02 nan nan
2.595000041042912358e+02 nan nan
2.597500041082452640e+02 nan nan
2.600000041121993490e+02 nan nan
2.602500041161533773e+02 nan nan
2.605000041201074055e+02 nan nan
2.607500041240614337e+02 nan nan
2.610000041280154619e+02 nan nan
2.612500041319694901e+02 nan nan
2.615000041359235752e+02 nan nan
2.617500041398776034e+02 nan nan
2.620000041438316316e+02 nan nan
2.622500041477856598e+02 nan nan
2.625000041517396880e+02 nan nan
2.627500041556937163e+02 nan nan
2.630000041596478013e+02 nan nan
2.632500041636018295e+02 nan nan
2.635000041675558577e+02 nan nan
2.637500041715098860e+02 nan nan
2.640000041754639142e+02 nan nan
2.642500041794179424e+02 nan nan
2.645000041833720275e+02 nan nan
2.647500041873260557e+02 nan nan
2.650000041912800839e+02 nan nan
2.652500041952341121e+02 nan nan
2.655000041991881403e+02 nan nan
2.657500042031421685e+02 nan nan
2.660000042070962536e+02 nan nan
2.662500042110502818e+02 nan nan
2.665000042150043100e+02 nan nan
2.667500042189583382e+02 nan nan
2.670000042229123665e+02 nan nan
2.672500042268663947e+02 nan nan
2.675000042308204797e+02 nan nan
2.677500042347745079e+02 nan nan
2.680000042387285362e+02 nan nan
2.682500042426825644e+02 nan nan
2.685000042466365926e+02 nan nan
2.687500042505906208e+02 nan nan
2.690000042545447059e+02 nan nan
2.692500042584987341e+02 nan nan
2.695000042624527623e+02 nan nan
2.697500042664067905e+02 nan nan
2.700000042703608187e+02 nan nan
2.702500042743148470e+02 nan nan
2.705000042782689320e+02 nan nan
2.707500042822229602e+02 nan nan
2.710000042861769884e+02 nan nan
2.712500042901310167e+02 nan nan
2.715000042940850449e+02 nan nan
2.717500042980390731e+02 nan nan
2.720000043019931582e+02 nan nan
2.722500043059471864e+02 nan nan
2.725000043099012146e+02 nan nan
2.727500043138552428e+02 nan nan
2.730000043178092710e+02 nan nan
2.732500043217632992e+02 nan nan
2.735000043257173843e+02 nan nan
2.737500043296714125e+02 nan nan
2.740000043336254407e+02 nan nan
2.742500043375794689e+02 nan nan
2.745000043415334972e+02 nan nan
2.747500043454875822e+02 nan nan
2.750000043494416104e+02 nan nan
2.752500043533956386e+02 nan nan
2.755000043573496669e+02 nan nan
2.757500043613036951e+02 nan nan
2.760000043652577233e+02 nan nan
2.762500043692118084e+02 nan nan
2.765000043731658366e+02 nan nan
2.767500043771198648e+02 nan nan
2.770000043810738930e+02 nan nan
2.772500043850279212e+02 nan nan
2.775000043889819494e+02 nan nan
2.777500043929360345e+02 nan nan
2.780000043968900627e+02 nan nan
2.782500044008440909e+02 nan nan
2.785000044047981191e+02 nan nan
2.787500044087521474e+02 nan nan
2.790000044127061756e+02 nan nan
2.792500044166602606e+02 nan nan
2.795000044206142888e+02 nan nan
2.797500044245683171e+02 nan nan
2.800000044285223453e+02 nan nan
2.802500044324763735e+02 nan nan
2.805000044364304017e+02 nan nan
2.807500044403844868e+02 nan nan
2.810000044443385150e+02 nan nan
2.812500044482925432e+02 nan nan
2.815000044522465714e+02 nan nan
2.817500044562005996e+02 nan nan
2.820000044601546278e+02 nan nan
2.822500044641087129e+02 nan nan
2.825000044680627411e+02 nan nan
2.827500044720167693e+02 nan nan
2.830000044759707976e+02 nan nan
2.832500044799248258e+02 nan nan
2.835000044838788540e+02 nan nan
2.837500044878329390e+02 nan nan
2.840000044917869673e+02 nan nan
2.842500044957409955e+02 nan nan
2.845000044996950237e+02 nan nan
2.847500045036490519e+02 nan nan
2.850000045076030801e+02 nan nan
2.852500045115571652e+02 nan nan
2.855000045155111934e+02 nan nan
2.857500045194652216e+02 nan nan
2.860000045234192498e+02 nan nan
2.862500045273732781e+02 nan nan
2.865000045313273063e+02 nan nan
2.867500045352813913e+02 nan nan
2.870000045392354195e+02 nan nan
2.872500045431894478e+02 nan nan
2.875000045471434760e+02 nan nan
2.877500045510975042e+02 nan nan
2.880000045550515324e+02 nan nan
2.882500045590056175e+02 nan nan
2.885000045629596457e+02 nan nan
2.887500045669136739e+02 nan nan
2.890000045708677021e+02 nan nan
2.892500045748217303e+02 nan nan
2.895000045787757585e+02 nan nan
2.897500045827298436e+02 nan nan
2.900000045866838718e+02 nan nan
2.902500045906379000e+02 nan nan
2.905000045945919283e+02 nan nan
2.907500045985459565e+02 nan nan
2.910000046024999847e+02 nan nan
2.912500046064540697e+02 nan nan
2.915000046104080980e+02 nan nan
2.917500046143621262e+02 nan nan
2.920000046183161544e+02 nan nan
2.922500046222701826e+02 nan nan
2.925000046262242108e+02 nan nan
2.927500046301782959e+02 nan nan
2.930000046341323241e+02 nan nan
2.932500046380863523e+02 nan nan
2.935000046420403805e+02 nan nan
2.937500046459944087e+02 nan nan
2.940000046499484938e+02 nan nan
2.942500046539025220e+02 nan nan
2.945000046578565502e+02 nan nan
2.947500046618105785e+02 nan nan
2.950000046657646067e+02 nan nan
2.952500046697186349e+02 nan nan
2.955000046736727199e+02 nan nan
2.957500046776267482e+02 nan nan
2.960000046815807764e+02 nan nan
2.962500046855348046e+02 nan nan
2.965000046894888328e+02 nan nan
2.967500046934428610e+02 nan nan
2.970000046973969461e+02 nan nan
2.972500047013509743e+02 nan nan
2.975000047053050025e+02 nan nan
2.977500047092590307e+02 nan nan
2.980000047132130589e+02 nan nan
2.982500047171670872e+02 nan nan
2.985000047211211722e+02 nan nan
2.987500047250752004e+02 nan nan
2.990000047290292287e+02 nan nan
2.992500047329832569e+02 nan nan
2.995000047369372851e+02 nan nan
2.997500047408913133e+02 nan nan
3.000000047448453984e+02 nan nan
3.002500047487994266e+02 nan nan
3.005000047527534548e+02 nan nan
3.007500047567074830e+02 nan nan
3.010000047606615112e+02 nan nan
3.012500047646155394e+02 nan nan
3.015000047685696245e+02 nan nan
3.017500047725236527e+02 nan nan
3.020000047764776809e+02 nan nan
3.022500047804317092e+02 nan nan
3.025000047843857374e+02 nan nan
3.027500047883397656e+02 nan nan
3.030000047922938506e+02 nan nan
3.032500047962478789e+02 nan nan
3.035000048002019071e+02 nan nan
3.037500048041559353e+02 nan nan
3.040000048081099635e+02 nan nan
3.042500048120639917e+02 nan nan
3.045000048160180768e+02 nan nan
3.047500048199721050e+02 nan nan
3.050000048239261332e+02 nan nan
3.052500048278801614e+02 nan nan
3.055000048318341896e+02 nan nan
3.057500048357882179e+02 nan nan
3.060000048397423029e+02 nan nan
3.062500048436963311e+02 nan nan
3.065000048476503594e+02 nan nan
3.067500048516043876e+02 nan nan
3.070000048555584158e+02 nan nan
3.072500048595124440e+02 nan nan
3.075000048634665291e+02 nan nan
3.077500048674205573e+02 nan nan
3.080000048713745855e+02 nan nan
3.082500048753286137e+02 nan nan
3.085000048792826419e+02 nan nan
3.087500048832366701e+02 nan nan
3.090000048871907552e+02 nan nan
3.092500048911447834e+02 nan nan
3.095000048950988116e+02 nan nan
3.097500048990528398e+02 nan nan
3.100000049030068681e+02 nan nan
3.102500049069608963e+02 nan nan
3.105000049109149813e+02 nan nan
3.107500049148690096e+02 nan nan
3.110000049188230378e+02 nan nan
3.112500049227770660e+02 nan nan
3.115000049267310942e+02 nan nan
3.117500049306851793e+02 nan nan
3.120000049346392075e+02 nan nan
3.122500049385932357e+02 nan nan
3.125000049425472639e+02 nan nan
3.127500049465012921e+02 nan nan
3.130000049504553203e+02 nan nan
3.132500049544094054e+02 nan nan
3.135000049583634336e+02 nan nan
3.137500049623174618e+02 nan nan
3.140000049662714900e+02 nan nan
3.142500049702255183e+02 nan nan
3.145000049741795465e+02 nan nan
3.147500049781336315e+02 nan nan
3.150000049820876598e+02 nan nan
3.152500049860416880e+02 nan nan
3.155000049899957162e+02 nan nan
3.157500049939497444e+02 nan nan
3.160000049979037726e+02 nan nan
3.162500050018578577e+02 nan nan
3.165000050058118859e+02 nan nan
3.167500050097659141e+02 nan nan
3.170000050137199423e+02 nan nan
3.172500050176739705e+02 nan nan
3.175000050216279988e+02 nan nan
3.177500050255820838e+02 nan nan
3.180000050295361120e+02 nan nan
3.182500050334901402e+02 nan nan
3.185000050374441685e+02 nan nan
3.187500050413981967e+02 nan nan
3.190000050453522249e+02 nan nan
3.192500050493063100e+02 nan nan
3.195000050532603382e+02 nan nan
3.197500050572143664e+02 nan nan
3.200000050611683946e+02 nan nan
3.202500050651224228e+02 nan nan
3.205000050690764510e+02 nan nan
3.207500050730305361e+02 nan nan
3.210000050769845643e+02 nan nan
3.212500050809385925e+02 nan nan
3.215000050848926207e+02 nan nan
3.217500050888466490e+02 nan nan
3.220000050928006772e+02 nan nan
3.222500050967547622e+02 nan nan
3.225000051007087905e+02 nan nan
3.227500051046628187e+02 nan nan
3.230000051086168469e+02 nan nan
3.232500051125708751e+02 nan nan
3.235000051165249033e+02 nan nan
3.237500051204789884e+02 nan nan
3.240000051244330166e+02 nan nan
3.242500051283870448e+02 nan nan
3.245000051323410730e+02 nan nan
3.247500051362951012e+02 nan nan
3.250000051402491295e+02 nan nan
3.252500051442032145e+02 nan nan
3.255000051481572427e+02 nan nan
3.257500051521112709e+02 nan nan
3.260000051560652992e+02 nan nan
3.262500051600193274e+02 nan nan
3.265000051639733556e+02 nan nan
3.267500051679274407e+02 nan nan
3.270000051718814689e+02 nan nan
3.272500051758354971e+02 nan nan
3.275000051797895253e+02 nan nan
3.277500051837435535e+02 nan nan
3.280000051876975817e+02 nan nan
3.282500051916516668e+02 nan nan
3.285000051956056950e+02 nan nan
3.287500051995597232e+02 nan nan
3.290000052035137514e+02 nan nan
3.292500052074677797e+02 nan nan
3.295000052114218647e+02 nan nan
3.297500052153758929e+02 nan nan
3.300000052193299211e+02 nan nan
3.302500052232839494e+02 nan nan
3.305000052272379776e+02 nan nan
3.307500052311920058e+02 nan nan
3.310000052351460909e+02 nan nan
3.312500052391001191e+02 nan nan
3.315000052430541473e+02 nan nan
3.317500052470081755e+02 nan nan
3.320000052509622037e+02 nan nan
3.322500052549162319e+02 nan nan
3.325000052588703170e+02 nan nan
3.327500052628243452e+02 nan nan
3.330000052667783734e+02 nan nan
3.332500052707324016e+02 nan nan
3.335000052746864299e+02 nan nan
3.337500052786404581e+02 nan nan
3.340000052825945431e+02 nan nan
3.342500052865485713e+02 nan nan
3.345000052905025996e+02 nan nan
3.347500052944566278e+02 nan nan
3.350000052984106560e+02 nan nan
3.352500053023646842e+02 nan nan
3.355000053063187693e+02 nan nan
3.357500053102727975e+02 nan nan
3.360000053142268257e+02 nan nan
3.362500053181808539e+02 nan nan
3.365000053221348821e+02 nan nan
3.367500053260889104e+02 nan nan
3.370000053300429954e+02 nan nan
3.372500053339970236e+02 nan nan
3.375000053379510518e+02 nan nan
3.377500053419050801e+02 nan nan
3.380000053458591083e+02 nan nan
3.382500053498131365e+02 nan nan
3.385000053537672215e+02 nan nan
3.387500053577212498e+02 nan nan
3.390000053616752780e+02 nan nan
3.392500053656293062e+02 nan nan
3.395000053695833344e+02 nan nan
3.397500053735373626e+02 nan nan
3.400000053774914477e+02 nan nan
3.402500053814454759e+02 nan nan
3.405000053853995041e+02 nan nan
3.407500053893535323e+02 nan nan
3.410000053933075606e+02 nan nan
3.412500053972615888e+02 nan nan
3.415000054012156738e+02 nan nan
3.417500054051697020e+02 nan nan
3.420000054091237303e+02 nan nan
3.422500054130777585e+02 nan nan
3.425000054170317867e+02 nan nan
3.427500054209858149e+02 nan nan
3.430000054249399000e+02 nan nan
3.432500054288939282e+02 nan nan
3.435000054328479564e+02 nan nan
3.437500054368019846e+02 nan nan
3.440000054407560128e+02 nan nan
3.442500054447100410e+02 nan nan
3.445000054486641261e+02 nan nan
3.447500054526181543e+02 nan nan
3.450000054565721825e+02 nan nan
3.452500054605262108e+02 nan nan
3.455000054644802390e+02 nan nan
3.457500054684342672e+02 nan nan
3.460000054723883522e+02 nan nan
3.462500054763423805e+02 nan nan
3.465000054802964087e+02 nan nan
3.467500054842504369e+02 nan nan
3.470000054882044651e+02 nan nan
3.472500054921584933e+02 nan nan
3.475000054961125784e+02 nan nan
3.477500055000666066e+02 nan nan
3.480000055040206348e+02 nan nan
3.482500055079746630e+02 nan nan
3.485000055119286912e+02 nan nan
3.487500055158827763e+02 nan nan
3.490000055198368045e+02 nan nan
